32363
1754
50484
2932
26108
18825
46199
16220
65336
48792
22911
53359
1088
30548
52744
8404
57100
36145
55353
24844
31138
57197
1793
11200
54242
27195
15003
26125
42599
8223
2585
805
29181
37101
34831
18520
15381
28352
5896
22320
36934
46861
63772
45755
8350
39731
40442
23270
21228
49126
540
9711
58341
16565
10441
64841
10429
13036
33428
4220
39837
41272
37025
39043
59320
59367
23653
64323
11394
14384
54934
35183
51244
56656
53807
27221
19255
44191
48478
25545
43426
14757
3700
59957
45361
65186
11636
26332
37387
28928
13423
2883
25912
44094
38678
10573
6605
47329
23487
9136
18632
32485
14152
3082
45105
37183
23373
37749
18595
6804
2362
5076
32213
18436
25498
11589
10923
20232
38382
32564
49432
12407
28268
172
2139
58914
481
28673
36321
52719
37488
48659
23630
32800
901
41815
28197
35460
39192
42797
62315
16683
10258
61820
58827
45535
53398
21951
60513
39120
41128
32068
55310
20179
31730
10766
46577
10081
48471
3487
1175
3646
36754
59199
36074
21739
26457
22875
3959
16423
61249
56492
51937
28229
5115
13089
64290
62875
30554
57633
45527
36872
31886
57772
25
52424
5063
51080
8253
46573
59660
37400
39724
32107
31999
58369
58666
27414
47073
33269
44347
49131
45222
61974
22587
7864
38423
30152
45924
21570
53017
30111
43599
24345
62599
31853
17618
47370
62688
33181
59370
38877
31186
14539
29148
2083
28684
8252
24789
53879
29826
47769
24286
2589
16413
63741
2496
10637
26686
25225
5326
43367
8703
51656
64806
12637
43590
19817
62816
34285
16045
10206
56600
51811
16861
64555
3931
35793
48266
27586
41606
44362
2014
34806
15426
56553
11023
17935
26770
45908
22038
60892
19554
6568
34119
19678
58305
42040
49750
3196
27366
35383
53397
20316
33128
60259
62938
17295
8526
30024
45254
49288
33551
11093
12467
16885
38791
60031
25675
59094
37115
17460
26957
27083
31141
11153
36345
37148
59239
371
22953
50935
9837
37243
61159
1688
54044
55150
35116
10240
64420
26410
36089
52496
27652
62540
36544
30598
21081
26426
46435
16526
48341
50629
24119
26389
38662
50920
8696
8208
9384
6208
7379
19687
54531
33908
30775
7949
17658
51602
43450
2120
59789
32733
28520
18183
9130
58037
27486
24103
8288
51675
11117
18371
45219
49838
15662
7134
29990
60113
27909
27190
28111
35896
18115
46303
23641
5841
34036
17720
48484
44428
9260
5187
55428
27240
6451
28885
20151
8976
27198
57380
5961
5236
19974
38954
48631
62804
28196
19351
50628
37916
25195
54544
56219
20498
14309
9081
6443
65337
44977
64579
56783
6793
25595
57815
16006
33707
28016
14542
26966
18008
37974
45452
52213
15180
17420
6001
43097
64251
29591
12697
27897
38751
36424
16735
44195
56204
60492
64402
27667
60936
64341
42832
32694
9568
59615
58762
30712
19675
52010
14730
23142
51186
17215
58128
37550
55976
2804
63035
36447
51198
45101
14167
29688
33355
11151
22166
31014
40498
62690
50413
46940
1783
57538
59632
18963
21639
53125
5995
58315
11403
28107
4777
17365
2302
15428
34818
33817
32168
13952
4734
42932
21095
5995
43548
5780
9795
16656
2670
54648
34407
1416
29380
751
32225
38704
49827
63882
54649
51672
5926
65396
27760
43769
19537
42342
10103
45894
15941
44877
15033
42948
3368
36459
12402
8877
32625
7579
54220
31446
64867
25553
26513
28842
25614
58035
13723
52123
23369
45617
36071
48718
34766
5888
43126
43009
4576
2773
38902
55935
57118
64575
27310
35672
63975
30586
34959
6900
15084
59221
37755
43759
39690
9116
16981
46812
32876
58362
15490
18845
52914
11318
4210
27871
24059
592
52849
3252
23463
15377
43924
6271
2923
32801
42709
11188
10167
37791
7512
65120
4852
52852
52304
17525
27268
41225
11100
46491
38114
54104
58158
21250
63746
28002
43206
63126
53819
49925
34151
24462
10365
62918
60725
58031
36070
61812
60673
58744
41826
12318
42452
63254
42263
40216
51229
61715
37163
28953
21545
13339
52444
18804
37031
7778
43015
17539
23123
17490
28086
38641
54127
62520
7604
45398
22417
23124
34710
22389
27792
37446
16022
31916
56189
17974
60038
7893
48324
17641
11684
12288
3722
60292
51490
18663
7397
11617
33210
30877
5123
57270
44426
64751
9714
16939
57616
37747
29988
8978
39814
33914
13433
24355
19029
17728
44678
60525
33706
31859
17201
48159
61948
3733
16800
26970
59572
10959
50194
14387
24244
3279
21382
39508
57947
58247
18966
51476
64127
43264
56868
48027
8624
35100
52474
18329
61177
50496
15331
50898
52952
9535
28884
25738
20208
42079
56120
31422
65510
30180
15940
16236
45415
48686
5483
1274
3155
28723
51345
57445
46670
19726
42029
49863
5188
41799
2935
9995
35600
39974
29027
45575
46848
31035
11861
12041
30528
12760
63865
64377
30115
5843
29654
34207
49431
47914
9387
12060
45483
60836
40384
36623
40639
31509
35530
21202
46489
18221
50633
33152
37533
38621
6804
11116
49174
60878
9717
48903
49725
6005
15836
60426
22480
30825
60716
7513
17651
49502
46866
47702
47255
8273
22667
9756
18171
54269
60688
15816
43186
58457
13605
52408
53430
21051
47119
36694
18167
48150
54515
63251
38578
45848
30786
6806
12449
31749
4715
12857
41449
45668
4545
33191
30115
38564
42940
59027
47458
34338
33609
54106
61022
51728
49194
22033
54609
59238
30601
8975
6548
31266
23345
40855
32471
17649
31188
43922
32653
62360
57142
22109
15532
8245
27576
28080
60102
39475
48519
20740
49485
22000
57511
62040
1579
27481
12566
8283
8264
63336
8024
48838
56788
46228
37024
20826
32118
9348
39564
1680
17539
40396
44117
33194
10727
904
32640
48
50113
40518
44818
30784
16859
59621
37248
20586
29017
59461
50835
34179
26375
25060
41184
57053
28473
14544
51812
4825
40181
59401
38834
15052
34503
28818
29299
4757
9453
34047
38400
31086
17349
57400
22724
16674
31881
11781
43883
41430
42508
56192
484
54386
40242
31286
14802
30179
20569
63239
20404
25231
17582
23468
42061
16358
65530
51540
23520
47413
13191
8759
25790
13070
34304
63413
39661
21139
6963
50437
48109
37112
61523
28653
44747
41409
10025
52813
17852
12942
28366
54439
4016
48835
7650
2769
36427
31706
13213
32952
39040
16220
65327
13329
13820
22014
50749
35639
39414
51185
26042
52418
56458
48325
15064
